pcTopic: "/lidar_front/velodyne_points"
imgTopic: "/rdv_zed_image_front/rdv_zed_front/left/image_raw"


camera_matrix: [1054.4464111328125,    0.0,         946.0282592773438 , 0.0,
                   0.00000000000, 1054.4464111328125, 588.484313964843, 0.0,
                   0.00000000000,    0.00000000000,   1.0000000000000, 0.0]

rlc:  [-0.00630358, -0.99997213, -0.00399999,
   -0.1381326,   0.00483246, -0.99040196,
   0.99039368, -0.00569055, -0.13815921]


tcl: [0.1264,0.0574,-0.0941]

