pcTopic: "/lidar_rear/velodyne_points"
#imgTopic: "/rdv_zed_image_rear/rdv_zed_rear/left/image"
imgTopic: "/zed2i_rear/zed2i_rear/left/image_rect_color"


camera_matrix: [1055.37158203125,    0.0,          1001.4392089843750, 0.0,
                   0.00000000000, 1055.37158203125, 572.8742065429688, 0.0,
                   0.00000000000,    0.00000000000,   1.0000000000000, 0.0]

rlc: [2.04948056e-02, -9.99785754e-01,  2.89999594e-03,
      1.66540665e-01,  5.53841352e-04, -9.86034432e-01,
      9.85821571e-01,  2.06915512e-02,  1.66516335e-01]

tlc: [0.1376, 0.0518, -0.0486]
