pcTopic: "/lidar_front/velodyne_points"
imgTopcic:


camera_matrix: [1055.37158203125,    0.0,          1001.4392089843750, 0.0,
                   0.00000000000, 1055.37158203125, 572.8742065429688, 0.0,
                   0.00000000000,    0.00000000000,   1.0000000000000, 0.0]

#rlc: [-0.17332377,  0.98486404, -0.0013    ,
#      0.01277815,  0.00356866,  0.99991199,
#      0.984782,    0.17329191, -0.01320328,]
rlc: [-0.01320328, -0.99991199, -0.0013,
      -0.17329191,  0.00356866, -0.98486404,
      0.984782,   -0.01277815, -0.17332377]


#tcl: [0.1291, 0.0551, -0.1142]
tlc: [0.1291, 0.0551, -0.1142]
