pcTopic: "/lidar_rear/velodyne_points"
imgTopic: "/rdv_zed_image_rear/rdv_zed_rear/left/image_raw"


camera_matrix: [1055.349609375,    0.0,          977.4134521484375, 0.0,
                   0.00000000000, 1055.349609375, 521.747314453125, 0.0,
                   0.00000000000,    0.00000000000,   1.0000000000000, 0.0]

rlc: [ 0.08280114, -0.9965627,   0.0026    ,
       -0.1041377,  -0.01124707, -0.99449929,
       0.99111014,  0.08207492, -0.10471102]

tlc: [0.1330,0.0673,-0.0273]
