pcTopic: "/lidar_front/velodyne_points"
#imgTopic: "/rdv_zed_image_front/rdv_zed_front/left/image"
imgTopic: "/zed2i_front/zed2i_front/left/image_rect_color"


camera_matrix: [1055.082763671875,    0.0,          1001.4391479492188, 0.0,
                   0.00000000000, 1055.082763671875, 572.8733520507812, 0.0,
                   0.00000000000,    0.00000000000,   1.0000000000000, 0.0]

rlc: [-0.01320328, -0.99991199, -0.0013,
      -0.17329191,  0.00356866, -0.98486404,
      0.984782,   -0.01277815, -0.17332377]

tlc: [0.1291, 0.0551, -0.1142]
