pcTopic: "/lidar_rear/velodyne_points"
#imgTopic: "/rdv_zed_image_rear/rdv_zed_rear/left/image"
imgTopic: "/zed2i_rear/zed2i_rear/left/image_rect_color"


camera_matrix: [1055.37158203125,    0.0,          1001.4392089843750, 0.0,
                   0.00000000000, 1055.37158203125, 572.8742065429688, 0.0,
                   0.00000000000,    0.00000000000,   1.0000000000000, 0.0]

rlc: [-0.01980232, -0.99980103,  0.0024,
      -0.04812317, -0.00144455, -0.99884036,
      0.9986451,  -0.01989485, -0.04808499,]


tlc: [0.1376, 0.0513, -0.0534]
