pcTopic: "/lidar_front/velodyne_points"
#imgTopic: "/rdv_zed_image_front/rdv_zed_front/left/image"
imgTopic: "/zed2i_front/zed2i_front/left/image_rect_color"


camera_matrix: [1055.37158203125,    0.0,          1001.4392089843750, 0.0,
                   0.00000000000, 1055.37158203125, 572.8742065429688, 0.0,
                   0.00000000000,    0.00000000000,   1.0000000000000, 0.0]

rlc: [-0.03469664, -0.99939589, -0.002     ,
      -0.18200264,  0.00828641, -0.98326313,
      0.9826857,  -0.03375192, -0.1821802 ]


tcl: [0.0415, 0.0765, -0.1139]

