pcTopic: "/lidar_rear/velodyne_points"
imgTopic: "/rdv_zed_image_rear/rdv_zed_rear/left/image_raw"


camera_matrix: [1066.7347412109375,    0.0,          927.1170654296875, 0.0,
                   0.00000000000, 1066.7347412109375, 520.873779296875, 0.0,
                   0.00000000000,    0.00000000000,   1.0000000000000, 0.0]

rlc: [-0.01980232, -0.99980103,  0.0024,
      -0.04812317, -0.00144455, -0.99884036,
      0.9986451,  -0.01989485, -0.04808499,]


tlc: [0.1376, 0.0513, -0.0534]
